2 0.658333 0.668519 0.025 0.0351852
0 0.682813 0.605556 0.0291667 0.2
0 0.847396 0.7 0.0322917 0.087037
0 0.899479 0.709259 0.0291667 0.0796296
0 0.270312 0.493056 0.0395833 0.167593
0 0.248177 0.497222 0.0473958 0.12963
0 0.116667 0.443056 0.0364583 0.152778
0 0.0854167 0.436111 0.0260417 0.142593
0 0.0140625 0.414352 0.028125 0.269444
0 0.0614583 0.421759 0.0229167 0.102778
0 0.141406 0.459722 0.0171875 0.0694444
0 0.311719 0.491204 0.00885417 0.0324074
0 0.324479 0.482407 0.0104167 0.0407407
0 0.71875 0.616667 0.034375 0.159259
0 0.872656 0.647222 0.0286458 0.0851852
0 0.853646 0.614815 0.0270833 0.0777778
0 0.50625 0.52037 0.0104167 0.0462963
0 0.522917 0.523148 0.0125 0.037037
0 0.208333 0.451389 0.009375 0.0490741
0 0.228125 0.486574 0.0145833 0.0657407
0 0.341146 0.499537 0.0145833 0.0212963
0 0.365625 0.515741 0.0166667 0.0296296
0 0.397656 0.49537 0.0140625 0.0444444
0 0.414844 0.505556 0.0130208 0.0592593
0 0.442187 0.506019 0.009375 0.0361111
0 0.44974 0.502778 0.0078125 0.0314815
0 0.432292 0.498148 0.00833333 0.0333333
0 0.447396 0.552778 0.0302083 0.0592593
0 0.496875 0.523611 0.009375 0.0583333
