8 0.0216146 0.0541667 0.0432292 0.0583333
8 0.0703125 0.164352 0.0947917 0.0398148
8 0.298438 0.171759 0.0770833 0.037963
8 0.270052 0.0685185 0.103646 0.0574074
8 0.651563 0.18287 0.0791667 0.0361111
8 0.716667 0.0875 0.105208 0.0564815
0 0.43151 0.54537 0.261979 0.811111
6 0.0708333 0.708796 0.0364583 0.037963
6 0.329948 0.697222 0.0453125 0.0388889
6 0.367448 0.69537 0.0286458 0.037037
6 0.394271 0.694444 0.0291667 0.0388889
6 0.53151 0.69537 0.0390625 0.0351852
6 0.570052 0.690741 0.0359375 0.037037
