8 0.319792 0.166667 0.078125 0.0388889
8 0.496615 0.0583333 0.101563 0.05
8 0.528385 0.153704 0.0786458 0.0351852
8 0.895833 0.134259 0.0885417 0.0407407
8 0.23724 0.0759259 0.111979 0.0518519
8 0.954948 0.0310185 0.0953125 0.0509259
0 0.673958 0.531018 0.34375 0.815741
3 0.252344 0.618056 0.153646 0.24537
6 0.559375 0.670833 0.0458333 0.0435185
6 0.756771 0.673148 0.0489583 0.037037
6 0.801042 0.669444 0.0447917 0.0462963
6 0.322656 0.672222 0.0296875 0.0333333
6 0.595052 0.668056 0.0359375 0.0361111
