9 0.555208 0.0740741 0.0260417 0.0444444
2 0.146875 0.3 0.0239583 0.0296296
2 0.158594 0.309259 0.0203125 0.0277778
2 0.185677 0.297685 0.0151042 0.0361111
2 0.20651 0.300926 0.0192708 0.037037
2 0.222135 0.29537 0.0140625 0.0314815
2 0.240104 0.283333 0.0260417 0.037037
2 0.204688 0.323611 0.0177083 0.0342593
2 0.230729 0.318519 0.0333333 0.0518519
2 0.254167 0.321759 0.021875 0.0268519
2 0.277865 0.306019 0.0265625 0.0268519
2 0.320573 0.309259 0.0244792 0.0296296
2 0.302344 0.316667 0.0234375 0.0296296
2 0.286719 0.416204 0.0182292 0.0324074
2 0.335417 0.390278 0.0229167 0.0305556
2 0.365365 0.308333 0.0130208 0.037037
2 0.592708 0.65463 0.040625 0.0462963
2 0.617448 0.752315 0.0411458 0.0398148
