0 0.358854 0.717593 0.182292 0.564815
7 0.329948 0.656944 0.0182292 0.0342593
8 0.0265625 0.0569444 0.053125 0.0731481
8 0.0734375 0.161574 0.108333 0.0583333
8 0.271875 0.0689815 0.111458 0.0694444
8 0.29974 0.172685 0.0890625 0.0509259
8 0.715885 0.087963 0.118229 0.0648148
8 0.64974 0.184722 0.0890625 0.0398148
6 0.0716146 0.709259 0.0359375 0.037037
6 0.466667 0.695833 0.0375 0.037963
6 0.525521 0.696759 0.046875 0.0398148
6 0.565885 0.693056 0.0473958 0.0435185
6 0.441927 0.694907 0.0338542 0.0324074
6 0.49401 0.692593 0.0286458 0.0351852
