0 0.498958 0.705556 0.269792 0.585185
7 0.397656 0.563889 0.0171875 0.0296296
8 0.0708333 0.164352 0.109375 0.0694444
8 0.0255208 0.0606481 0.0510417 0.0601852
8 0.271615 0.0694444 0.114063 0.0703704
8 0.298698 0.175 0.0901042 0.0555556
8 0.716406 0.0902778 0.120312 0.062037
8 0.65026 0.183333 0.0911458 0.0444444
6 0.0716146 0.710648 0.0369792 0.037963
6 0.390365 0.691667 0.0307292 0.0462963
6 0.415885 0.693056 0.0265625 0.0435185
6 0.440885 0.694444 0.0307292 0.0444444
6 0.46875 0.693981 0.0375 0.0398148
6 0.329688 0.696759 0.046875 0.0472222
6 0.367448 0.694907 0.0317708 0.0398148
