8 0.238021 0.0768519 0.11875 0.0722222
8 0.320313 0.166667 0.096875 0.0481481
8 0.497656 0.0574074 0.111979 0.0648148
8 0.526302 0.155093 0.0963542 0.0527778
8 0.891667 0.131019 0.101042 0.0509259
8 0.953646 0.0300926 0.1 0.0601852
3 0.251302 0.619444 0.154687 0.233333
0 0.598437 0.528241 0.330208 0.862037
6 0.322917 0.673148 0.034375 0.05
6 0.668229 0.670833 0.028125 0.0398148
6 0.753125 0.670833 0.0416667 0.0416667
6 0.799479 0.67037 0.0604167 0.05
6 0.721354 0.669444 0.0333333 0.0351852
6 0.696354 0.671296 0.03125 0.0296296
