8 0.239323 0.0777778 0.124479 0.0759259
8 0.321615 0.166667 0.0921875 0.0462963
8 0.497656 0.0583333 0.111979 0.0648148
8 0.525 0.156481 0.0916667 0.05
8 0.890885 0.132407 0.0963542 0.0481481
8 0.953646 0.0291667 0.1 0.0601852
3 0.179427 0.625926 0.154687 0.233333
0 0.646875 0.501389 0.230208 0.962037
6 0.323177 0.675 0.0307292 0.0314815
6 0.798177 0.668981 0.0546875 0.062037
6 0.758594 0.674537 0.0453125 0.037963
6 0.558854 0.670833 0.046875 0.0546296
6 0.594271 0.671296 0.03125 0.0388889
6 0.727344 0.674537 0.0317708 0.037963
