8 0.0515625 0.109259 0.096875 0.0740741
8 0.142448 0.211574 0.0869792 0.0490741
8 0.327604 0.105556 0.101042 0.0740741
8 0.774219 0.105556 0.0932292 0.0648148
8 0.70599 0.201389 0.0890625 0.0509259
0 0.523958 0.555556 0.171875 0.838889
3 0.0671875 0.701852 0.134375 0.259259
8 0.35651 0.210648 0.0796875 0.0509259
6 0.145052 0.738426 0.0369792 0.0342593
6 0.386198 0.731944 0.0453125 0.0490741
6 0.628646 0.715278 0.0385417 0.0342593
6 0.423438 0.725463 0.0291667 0.0342593
6 0.595573 0.718982 0.0307292 0.0361111
