8 0.0979167 0.0305556 0.129167 0.0611111
8 0.183333 0.122685 0.0958333 0.0564815
8 0.367448 0.0263889 0.100521 0.0509259
8 0.396354 0.119444 0.0802083 0.0444444
8 0.753125 0.10787 0.071875 0.0583333
3 0.104167 0.599537 0.175 0.252778
0 0.478125 0.446296 0.321875 0.883333
6 0.18724 0.649537 0.0307292 0.0342593
6 0.625781 0.632407 0.0421875 0.0314815
6 0.665104 0.633333 0.0510417 0.0333333
8 0.802865 0.0134259 0.0630208 0.0268519
6 0.540625 0.631481 0.03125 0.0351852
6 0.569271 0.6375 0.0333333 0.0287037
6 0.598437 0.628241 0.034375 0.0305556
