0 0.295573 0.601852 0.123438 0.27963
8 0.021875 0.124074 0.04375 0.0333333
8 0.20599 0.025463 0.107813 0.0509259
8 0.234896 0.134259 0.075 0.0444444
8 0.65599 0.0537037 0.0994792 0.0574074
8 0.591927 0.146759 0.0755208 0.0342593
6 0.433594 0.66713 0.0359375 0.0324074
6 0.211198 0.701852 0.101563 0.0740741
6 0.315104 0.728704 0.09375 0.0537037
6 0.308073 0.668056 0.0328125 0.037963
6 0.357031 0.660648 0.0192708 0.0342593
6 0.380469 0.668981 0.0265625 0.0268519
6 0.40625 0.662963 0.028125 0.0296296
