0 0.232031 0.606019 0.173438 0.323148
8 0.021875 0.124074 0.04375 0.0333333
8 0.20599 0.025463 0.107813 0.0509259
8 0.234896 0.133333 0.075 0.0444444
8 0.654948 0.0537037 0.0994792 0.0574074
8 0.591667 0.146759 0.0791667 0.0361111
6 0.433073 0.66713 0.0359375 0.0324074
6 0.19401 0.717593 0.101563 0.0740741
6 0.322135 0.744907 0.0984375 0.0564815
6 0.308073 0.665278 0.0328125 0.0305556
6 0.333073 0.665741 0.0276042 0.0314815
6 0.357031 0.6625 0.0223958 0.037963
6 0.379427 0.666667 0.0286458 0.0296296
6 0.405208 0.665278 0.034375 0.0287037
