9 0.601823 0.955093 0.0421875 0.0861111
9 0.23151 0.978241 0.0609375 0.0416667
6 0.190885 0.891204 0.00989583 0.0287037
5 0.152344 0.890741 0.0359375 0.0462963
5 0.0768229 0.886111 0.0276042 0.0444444
0 0.0104167 0.883333 0.0208333 0.1
0 0.625521 0.922222 0.0239583 0.148148
0 0.610156 0.933796 0.0244792 0.126852
0 0.110417 0.868981 0.0125 0.0398148
0 0.661458 0.898611 0.0239583 0.0916667
0 0.66276 0.95463 0.0276042 0.0888889
0 0.250781 0.905556 0.0265625 0.122222
0 0.304688 0.925 0.0260417 0.142593
0 0.418229 0.928241 0.0291667 0.139815
0 0.322135 0.922685 0.0296875 0.152778
0 0.709375 0.896759 0.0322917 0.0824074
0 0.0471354 0.933333 0.0328125 0.131481
5 0.179167 0.893519 0.0104167 0.0351852
5 0.228125 0.89537 0.009375 0.0333333
5 0.210156 0.888889 0.0182292 0.0388889
0 0.211458 0.885185 0.0125 0.0296296
6 0.233594 0.890278 0.00677083 0.00833333
5 0.0322917 0.880093 0.0229167 0.0601852
5 0.128125 0.890278 0.0114583 0.0472222
