5 0.369531 0.599537 0.0223958 0.0453704
5 0.336719 0.574074 0.0234375 0.0481481
5 0.27526 0.521296 0.0244792 0.0518519
0 0.73151 0.90787 0.0255208 0.0861111
0 0.676823 0.952315 0.110937 0.0935185
0 0.0760417 0.287037 0.0333333 0.0962963
0 0.71875 0.888426 0.0260417 0.062037
0 0.0536458 0.259722 0.0416667 0.115741
5 0.314323 0.551852 0.0151042 0.0462963
5 0.301823 0.54537 0.0182292 0.0388889
5 0.409375 0.63287 0.0114583 0.0342593
5 0.426823 0.648148 0.0286458 0.0388889
5 0.443229 0.664815 0.0197917 0.0351852
5 0.48151 0.689352 0.0255208 0.0490741
6 0.439063 0.633796 0.0114583 0.0138889
