9 0.415365 0.287037 0.0203125 0.0351852
4 0.138021 0.300926 0.0135417 0.0240741
4 0.159375 0.281019 0.0135417 0.0342593
0 0.976042 0.0824074 0.0104167 0.0388889
6 0.19375 0.333333 0.0197917 0.0222222
0 0.152083 0.334722 0.0114583 0.025
0 0.22474 0.325926 0.0151042 0.0537037
0 0.510677 0.240741 0.0182292 0.0814815
6 0.0976563 0.3625 0.0244792 0.0231481
6 0.173438 0.337037 0.03125 0.0203704
0 0.666667 0.186111 0.0197917 0.103704
0 0.81849 0.147222 0.0203125 0.0851852
0 0.796615 0.156944 0.0119792 0.0768519
0 0.765885 0.175926 0.0171875 0.0592593
5 0.0231771 0.370833 0.0359375 0.0416667
0 0.832552 0.146759 0.0151042 0.0712963
0 0.863021 0.134259 0.0208333 0.0740741
0 0.636458 0.199074 0.01875 0.103704
0 0.654688 0.191204 0.0229167 0.106481
0 0.138802 0.349074 0.0119792 0.0388889
0 0.622656 0.201852 0.0255208 0.105556
0 0.782812 0.155093 0.0197917 0.0935185
0 0.496875 0.242593 0.0208333 0.0944444
0 0.985156 0.0759259 0.0182292 0.0481481
0 0.540365 0.228241 0.0286458 0.0916667
0 0.26224 0.289352 0.0255208 0.0601852
0 0.589323 0.214815 0.0223958 0.1
0 0.377083 0.290278 0.03125 0.075
5 0.348177 0.2875 0.0171875 0.0416667
5 0.389844 0.283796 0.0213542 0.062037
6 0.29349 0.2625 0.127604 0.0787037
