6 0.134896 0.416667 0.269792 0.424074
6 0.198177 0.236111 0.314063 0.214815
6 0.430208 0.3375 0.309375 0.271296
6 0.645833 0.319907 0.173958 0.191667
6 0.761719 0.317593 0.105729 0.122222
6 0.863021 0.259259 0.0854167 0.12963
6 0.50625 0.226389 0.1625 0.175
5 0.282031 0.513426 0.326562 0.519444
5 0.384115 0.475463 0.255729 0.402778
5 0.930208 0.310648 0.0583333 0.0638889
8 0.822917 0.220833 0.0416667 0.341667
8 0.93099 0.205556 0.0161458 0.135185
8 0.95026 0.211574 0.0119792 0.0953704
8 0.920573 0.175926 0.0401042 0.155556
8 0.801042 0.0935185 0.03125 0.187037
