0 0.31276 0.524537 0.136979 0.550926
9 0.716406 0.656482 0.0588542 0.127778
9 0.791667 0.641204 0.05 0.112037
9 0.930208 0.656482 0.0635417 0.133333
6 0.273958 0.680093 0.05 0.0435185
6 0.38151 0.666667 0.0317708 0.037037
6 0.409896 0.666204 0.0322917 0.0287037
6 0.436458 0.663889 0.0291667 0.0333333
6 0.469792 0.662963 0.0447917 0.037037
6 0.509375 0.662037 0.040625 0.037037
8 0.25599 0.0226852 0.101563 0.0453704
8 0.244271 0.128704 0.0791667 0.0388889
8 0.0205729 0.10787 0.0411458 0.0361111
8 0.592188 0.160648 0.0864583 0.0342593
8 0.685156 0.0717593 0.107813 0.0527778
