0 0.463021 0.455556 0.365625 0.887037
3 0.107552 0.593518 0.159896 0.237037
8 0.178906 0.121296 0.0890625 0.0351852
8 0.0908854 0.0203704 0.123438 0.0407407
8 0.365885 0.0171296 0.0932292 0.0342593
8 0.39349 0.114352 0.0755208 0.0342593
8 0.751302 0.102315 0.0796875 0.025
8 0.808073 0.0125 0.0953125 0.025
6 0.416667 0.634259 0.0145833 0.0351852
6 0.473698 0.635648 0.0130208 0.0342593
6 0.539583 0.63287 0.0260417 0.0361111
6 0.565104 0.630556 0.0291667 0.0277778
6 0.594792 0.631481 0.0270833 0.0351852
6 0.625781 0.633333 0.0421875 0.0351852
6 0.666927 0.626389 0.0421875 0.0287037
