3 0.327604 0.481019 0.0447917 0.0324074
9 0.554688 0.461574 0.0302083 0.0453704
0 0.0807292 0.480093 0.0489583 0.14537
0 0.0078125 0.521759 0.015625 0.237963
0 0.66224 0.451852 0.0244792 0.112963
7 0.980208 0.538426 0.00833333 0.012037
6 0.0236979 0.463889 0.0307292 0.0185185
6 0.119792 0.459259 0.0416667 0.0166667
6 0.186979 0.456944 0.0520833 0.025
6 0.240104 0.452315 0.0541667 0.0175926
6 0.390625 0.444444 0.0520833 0.0166667
6 0.49349 0.439815 0.0536458 0.0148148
6 0.598177 0.426852 0.0661458 0.0203704
6 0.741667 0.421759 0.0427083 0.0231481
6 0.704687 0.423611 0.040625 0.0157407
6 0.827344 0.418056 0.0578125 0.0194444
0 0.677083 0.42037 0.0145833 0.0222222
