0 0.590104 0.635185 0.207292 0.616667
3 0.0611979 0.794444 0.122396 0.411111
3 0.352604 0.764815 0.0625 0.138889
8 0.384115 0.144907 0.105729 0.0472222
8 0.666146 0.128704 0.0989583 0.05
8 0.43776 0.250926 0.0776042 0.0296296
8 0.659375 0.242593 0.0739583 0.0333333
6 0.804427 0.79213 0.0390625 0.0398148
6 0.835417 0.791204 0.0322917 0.037963
6 0.865625 0.79213 0.0354167 0.037963
6 0.904688 0.793056 0.053125 0.0361111
6 0.952604 0.797222 0.0510417 0.0407407
6 0.690104 0.792593 0.046875 0.0407407
