0 0.636198 0.4875 0.0911458 0.617593
3 0.206771 0.640278 0.0635417 0.137963
6 0.54974 0.652315 0.0494792 0.037963
6 0.666667 0.643056 0.025 0.0287037
6 0.690365 0.644907 0.0317708 0.0324074
6 0.717448 0.639352 0.0317708 0.0416667
6 0.752604 0.64537 0.046875 0.037037
6 0.797656 0.643981 0.0473958 0.037963
8 0.292708 0.105556 0.0802083 0.0314815
8 0.241927 0.00601852 0.0942708 0.012037
8 0.519271 0.099537 0.0760417 0.0324074
8 0.523958 0.00462963 0.0927083 0.00925926
8 0.895052 0.0902778 0.0984375 0.0305556
