6 0.165365 0.444907 0.330729 0.441667
6 0.260938 0.274074 0.303125 0.216667
6 0.485938 0.375 0.305208 0.274074
6 0.564062 0.263889 0.165625 0.17037
6 0.702865 0.361111 0.180729 0.183333
6 0.820052 0.362963 0.106771 0.127778
6 0.928125 0.308333 0.0875 0.138889
6 0.88151 0.351852 0.0682292 0.0981481
5 0.336458 0.544444 0.319792 0.514815
5 0.438542 0.5125 0.253125 0.40463
8 0.876302 0.135185 0.0567708 0.231481
8 0.884896 0.265741 0.0479167 0.338889
8 0.982813 0.209722 0.034375 0.137963
8 0.992448 0.278704 0.0151042 0.188889
