0 0.528906 0.643056 0.113021 0.599074
3 0.353385 0.765278 0.0598958 0.137963
3 0.0611979 0.793981 0.122396 0.412037
6 0.689062 0.792593 0.0489583 0.0388889
6 0.804427 0.793056 0.0359375 0.0342593
6 0.835677 0.792593 0.0369792 0.0388889
6 0.866667 0.792593 0.0302083 0.0351852
6 0.904688 0.797685 0.0489583 0.0398148
6 0.951042 0.79537 0.0510417 0.0481481
8 0.384115 0.144907 0.107813 0.0509259
8 0.436198 0.250926 0.0817708 0.0351852
8 0.665625 0.127778 0.0989583 0.0444444
8 0.659115 0.238426 0.0765625 0.0305556
