3 0.0705729 0.686111 0.141146 0.242593
0 0.60651 0.517593 0.293229 0.964815
8 0.0541667 0.106019 0.108333 0.0472222
8 0.138281 0.211111 0.0932292 0.037037
8 0.326562 0.107407 0.102083 0.0462963
8 0.35599 0.206481 0.0807292 0.037037
8 0.707552 0.198148 0.0859375 0.0296296
8 0.772656 0.105093 0.107813 0.0453704
6 0.390104 0.726852 0.0447917 0.0351852
6 0.427083 0.721759 0.0302083 0.0342593
6 0.452604 0.721296 0.0260417 0.0296296
6 0.477344 0.723148 0.0244792 0.0333333
6 0.501302 0.721759 0.0296875 0.0324074
