8 0.0263021 0.102778 0.0234375 0.0481481
0 0.198177 0.491667 0.0963542 0.27037
3 0.239063 0.50463 0.06875 0.190741
5 0.483073 0.252315 0.0307292 0.0694444
0 0.716667 0.168981 0.0416667 0.0842593
0 0.763542 0.147685 0.034375 0.0935185
0 0.795573 0.133796 0.0296875 0.0916667
0 0.715625 0.0615741 0.0302083 0.0601852
0 0.750521 0.050463 0.03125 0.0453704
0 0.792188 0.0467593 0.0260417 0.0472222
0 0.827865 0.14537 0.0161458 0.0444444
0 0.842708 0.1375 0.0166667 0.0527778
0 0.852344 0.141204 0.0151042 0.0342593
0 0.861719 0.130556 0.0151042 0.0481481
0 0.87474 0.124537 0.0151042 0.0416667
0 0.891927 0.118056 0.0130208 0.0472222
0 0.917448 0.0921296 0.0296875 0.087963
0 0.932813 0.0819444 0.025 0.0898148
0 0.963021 0.0675926 0.0385417 0.103704
0 0.819271 0.0824074 0.015625 0.0518519
0 0.851042 0.0666667 0.0322917 0.0666667
0 0.871354 0.0449074 0.0375 0.0842593
