4 0.0846354 0.455093 0.0296875 0.0287037
4 0.345052 0.425 0.0078125 0.0148148
0 0.541927 0.437037 0.0244792 0.114815
0 0.251823 0.493056 0.0130208 0.0527778
6 0.172917 0.496296 0.0833333 0.105556
6 0.116406 0.513426 0.0234375 0.0324074
6 0.0338542 0.529167 0.0145833 0.0268519
9 0.292708 0.488889 0.0125 0.0259259
8 0.0315104 0.415278 0.0609375 0.289815
8 0.142188 0.425 0.034375 0.0648148
8 0.207552 0.418056 0.0588542 0.186111
8 0.602865 0.299537 0.0401042 0.349074
8 0.0179687 0.464352 0.0359375 0.173148
8 0.0125 0.484722 0.025 0.121296
