2 0.555469 0.576389 0.0744792 0.199074
2 0.167708 0.705093 0.0708333 0.0861111
2 0.0447917 0.744907 0.046875 0.0564815
2 0.873958 0.421759 0.0395833 0.0712963
8 0.115885 0.0685185 0.0276042 0.0425926
8 0.244792 0.0791667 0.0260417 0.0398148
8 0.357031 0.0921296 0.0244792 0.0398148
8 0.454167 0.1 0.021875 0.0351852
8 0.539323 0.110185 0.0182292 0.037037
8 0.616667 0.120833 0.0177083 0.0305556
8 0.695313 0.126389 0.0197917 0.0324074
8 0.757813 0.0777778 0.021875 0.0314815
8 0.836979 0.0199074 0.0208333 0.0287037
