3 0.0713542 0.684722 0.142708 0.24537
0 0.48724 0.605093 0.254687 0.789815
8 0.0541667 0.111574 0.108333 0.0435185
8 0.139062 0.209259 0.0864583 0.0351852
8 0.32526 0.101389 0.105729 0.0453704
8 0.353385 0.203241 0.0765625 0.0361111
8 0.706771 0.199537 0.0833333 0.0324074
8 0.770573 0.101389 0.108854 0.0435185
6 0.389062 0.722222 0.0447917 0.0388889
6 0.423438 0.724074 0.0302083 0.0351852
6 0.551302 0.717593 0.0276042 0.0333333
6 0.579167 0.720833 0.0291667 0.0287037
6 0.630469 0.716204 0.0307292 0.0342593
