0 0.576563 0.514815 0.251042 0.968518
3 0.0710938 0.683333 0.142188 0.240741
8 0.0549479 0.107407 0.109896 0.0481481
8 0.138281 0.211111 0.0901042 0.0314815
8 0.324479 0.10787 0.101042 0.0453704
8 0.352083 0.206019 0.0791667 0.0287037
8 0.708333 0.199074 0.08125 0.0203704
8 0.771094 0.101389 0.103646 0.0453704
6 0.390104 0.725926 0.04375 0.0351852
6 0.429167 0.723611 0.03125 0.0361111
6 0.453125 0.718982 0.0270833 0.037963
6 0.476302 0.721759 0.0286458 0.0361111
6 0.5 0.722685 0.0291667 0.0305556
