3 0.179167 0.624074 0.145833 0.225926
0 0.678385 0.538426 0.210938 0.715741
8 0.236198 0.075463 0.120312 0.0472222
8 0.321094 0.166204 0.0880208 0.0305556
8 0.49401 0.0564815 0.104687 0.0407407
8 0.523698 0.15463 0.0755208 0.0259259
8 0.892708 0.126389 0.0895833 0.0268519
8 0.951042 0.0259259 0.0979167 0.0518519
6 0.556771 0.668056 0.0427083 0.0361111
6 0.591927 0.665278 0.0255208 0.0324074
6 0.716927 0.669907 0.0359375 0.0324074
6 0.758073 0.670833 0.0484375 0.0361111
6 0.801823 0.670833 0.0421875 0.0361111
