3 0.169271 0.483333 0.046875 0.0407407
9 0.402083 0.435185 0.0302083 0.0444444
0 0.51901 0.434722 0.102604 0.312037
7 0.789063 0.450463 0.00729167 0.0138889
6 0.0205729 0.47963 0.0411458 0.0166667
6 0.0778646 0.468056 0.0598958 0.0175926
6 0.240625 0.441667 0.0520833 0.0203704
6 0.344792 0.419444 0.05 0.0203704
6 0.451823 0.398148 0.0661458 0.0222222
6 0.553125 0.377778 0.0302083 0.0166667
6 0.591927 0.368519 0.0463542 0.0185185
6 0.666667 0.353241 0.0520833 0.0231481
0 0.377083 0.405556 0.0135417 0.0351852
