3 0.250521 0.62037 0.145833 0.22963
0 0.659115 0.531018 0.229687 0.799074
8 0.235156 0.0731481 0.114063 0.0407407
8 0.317969 0.1625 0.0848958 0.0268519
8 0.496354 0.0560185 0.101042 0.0398148
8 0.522656 0.152778 0.0776042 0.0333333
8 0.889323 0.128241 0.0890625 0.025
8 0.952604 0.0296296 0.0947917 0.05
6 0.559115 0.669907 0.0442708 0.0398148
6 0.695573 0.668981 0.0161458 0.0324074
6 0.719792 0.67037 0.0322917 0.0333333
6 0.75625 0.671759 0.0427083 0.0305556
6 0.798958 0.668981 0.0458333 0.0324074
