0 0.610937 0.53287 0.238542 0.891667
3 0.178906 0.623611 0.144271 0.223148
8 0.236458 0.0726852 0.116667 0.0472222
8 0.317187 0.162037 0.0895833 0.0425926
8 0.49375 0.0574074 0.0979167 0.0351852
8 0.526563 0.151389 0.078125 0.0305556
8 0.894531 0.128704 0.0869792 0.0314815
8 0.954167 0.0231481 0.0916667 0.0462963
6 0.546875 0.668519 0.025 0.0351852
6 0.689844 0.671759 0.0307292 0.025
6 0.726823 0.669907 0.0151042 0.0287037
6 0.75651 0.674074 0.0463542 0.0314815
6 0.799479 0.669907 0.040625 0.0361111
