3 0.178906 0.622685 0.144271 0.223148
0 0.622135 0.550463 0.181771 0.64537
8 0.23724 0.0731481 0.115104 0.05
8 0.315885 0.166204 0.0859375 0.0324074
8 0.493229 0.0569444 0.0989583 0.0416667
8 0.520833 0.153704 0.0791667 0.0240741
8 0.89349 0.131019 0.0932292 0.0287037
8 0.951042 0.0259259 0.0979167 0.0518519
6 0.558594 0.669444 0.0453125 0.037037
6 0.69401 0.671296 0.0317708 0.0314815
6 0.720833 0.668981 0.0270833 0.0305556
6 0.755469 0.674537 0.0453125 0.0361111
6 0.8 0.673611 0.0458333 0.0361111
