0 0.727865 0.531482 0.205729 0.72963
3 0.179427 0.622685 0.143229 0.225
8 0.234375 0.0731481 0.115625 0.0388889
8 0.31875 0.163889 0.0916667 0.0333333
8 0.492188 0.0537037 0.103125 0.0388889
8 0.525 0.152315 0.0770833 0.0305556
8 0.894271 0.131481 0.0875 0.0166667
8 0.955469 0.0263889 0.0890625 0.0527778
6 0.559115 0.66713 0.0442708 0.0361111
6 0.597135 0.668981 0.0276042 0.0342593
6 0.621875 0.666667 0.0270833 0.0351852
6 0.644271 0.670833 0.0291667 0.0324074
6 0.722917 0.666667 0.0239583 0.0314815
6 0.759115 0.67037 0.0473958 0.0333333
6 0.801562 0.671759 0.0395833 0.0342593
