0 0.651823 0.530093 0.244271 0.79537
3 0.251823 0.620833 0.146354 0.230556
8 0.238021 0.0726852 0.11875 0.0527778
8 0.319271 0.168519 0.0729167 0.0240741
8 0.496094 0.0564815 0.101563 0.05
8 0.52526 0.152315 0.0744792 0.0305556
8 0.890625 0.128704 0.0864583 0.0314815
8 0.951302 0.0231481 0.0973958 0.0462963
6 0.558854 0.671296 0.0458333 0.0407407
6 0.70026 0.668519 0.0265625 0.0333333
6 0.724219 0.66713 0.0307292 0.0305556
6 0.757292 0.673611 0.046875 0.0342593
6 0.8 0.671759 0.040625 0.0342593
