0 0.610677 0.531018 0.241146 0.85463
3 0.251042 0.619444 0.145833 0.22963
8 0.233333 0.0759259 0.10625 0.0388889
8 0.316927 0.165741 0.0859375 0.0277778
8 0.497917 0.0592593 0.102083 0.0444444
8 0.52474 0.155093 0.0744792 0.0287037
8 0.891146 0.126852 0.0864583 0.0166667
8 0.952865 0.0273148 0.0942708 0.0490741
6 0.669531 0.668519 0.0276042 0.0259259
6 0.694271 0.673611 0.0302083 0.0287037
6 0.722135 0.668981 0.0255208 0.0342593
6 0.757552 0.674074 0.0484375 0.0351852
6 0.799479 0.671296 0.0458333 0.0351852
