0 0.455208 0.462037 0.152083 0.831481
3 0.109115 0.593056 0.158854 0.237963
8 0.389583 0.114815 0.0729167 0.0259259
8 0.75 0.101389 0.0854167 0.0287037
8 0.810156 0.012037 0.0973958 0.0240741
8 0.36276 0.0185185 0.0994792 0.037037
8 0.176563 0.121759 0.0885417 0.0305556
8 0.0890625 0.025463 0.121875 0.0416667
6 0.5125 0.634259 0.0333333 0.0444444
6 0.542969 0.630556 0.0338542 0.0277778
6 0.567969 0.628241 0.0276042 0.0305556
6 0.591667 0.631481 0.028125 0.0351852
6 0.62474 0.631944 0.0442708 0.0324074
6 0.665625 0.623611 0.046875 0.0342593
