0 0.716406 0.594907 0.146354 0.721296
3 0.0611979 0.765741 0.122396 0.425926
3 0.354427 0.728241 0.0598958 0.136111
8 0.383073 0.105093 0.113021 0.0583333
8 0.441146 0.2125 0.0791667 0.0324074
8 0.66849 0.0875 0.0984375 0.0509259
8 0.6625 0.203241 0.0760417 0.0342593
6 0.804427 0.756481 0.0380208 0.0444444
6 0.8375 0.759259 0.0354167 0.0314815
6 0.866667 0.758333 0.0333333 0.0314815
6 0.907812 0.759259 0.05 0.0333333
6 0.953906 0.759722 0.0505208 0.037963
6 0.676562 0.756944 0.0239583 0.0305556
