1 0.457552 0.64213 0.0609375 0.0194444
1 0.590625 0.662963 0.0416667 0.0351852
1 0.596094 0.650463 0.0734375 0.025
1 0.0815104 0.469444 0.0338542 0.0148148
0 0.611979 0.636111 0.0135417 0.0481481
0 0.592708 0.644444 0.0291667 0.0555556
0 0.590365 0.624074 0.0109375 0.0296296
0 0.455729 0.621296 0.0197917 0.0481481
0 0.090625 0.462963 0.00729167 0.0148148
0 0.0817708 0.465278 0.00729167 0.0138889
8 0.765885 0.556944 0.00885417 0.0490741
8 0.775 0.545833 0.00729167 0.0527778
8 0.846875 0.571296 0.0114583 0.0574074
