0 0.499219 0.460648 0.150521 0.715741
3 0.109115 0.593518 0.158854 0.237037
8 0.0825521 0.0222222 0.124479 0.0444444
8 0.365104 0.0175926 0.0989583 0.0351852
8 0.810677 0.0101852 0.105729 0.0203704
8 0.752083 0.100926 0.08125 0.0296296
8 0.392188 0.114352 0.0770833 0.0268519
8 0.177604 0.124537 0.0895833 0.0305556
6 0.43099 0.635185 0.0432292 0.0425926
6 0.565365 0.631481 0.0296875 0.0296296
6 0.591406 0.628704 0.0265625 0.0277778
6 0.624479 0.631944 0.0447917 0.0324074
6 0.666667 0.625 0.0427083 0.037037
