3 0.107813 0.592593 0.161458 0.235185
0 0.491146 0.461574 0.169792 0.893519
8 0.0869792 0.0259259 0.128125 0.0518519
8 0.177604 0.121759 0.0895833 0.0435185
8 0.364583 0.0157407 0.096875 0.0314815
8 0.392708 0.1125 0.0739583 0.0342593
8 0.750781 0.103241 0.0848958 0.025
8 0.811719 0.0106481 0.103646 0.0212963
6 0.423438 0.631944 0.0291667 0.0416667
6 0.544271 0.630093 0.0270833 0.0305556
6 0.566406 0.630093 0.0255208 0.0268519
6 0.591667 0.632407 0.028125 0.0333333
6 0.62526 0.632407 0.0442708 0.0314815
6 0.666406 0.628241 0.0432292 0.0361111
