0 0.625521 0.638426 0.18125 0.582407
3 0.352083 0.764815 0.0614583 0.137037
3 0.0611979 0.794444 0.122396 0.409259
6 0.688802 0.790741 0.0505208 0.0407407
6 0.804427 0.793056 0.0390625 0.0361111
6 0.8375 0.792593 0.0291667 0.037037
6 0.864323 0.794444 0.0317708 0.037037
6 0.904427 0.795833 0.0536458 0.0416667
6 0.953646 0.793519 0.0479167 0.0407407
8 0.382031 0.144444 0.107813 0.05
8 0.43776 0.250926 0.0828125 0.0333333
8 0.666667 0.129167 0.096875 0.0472222
8 0.658073 0.238426 0.0734375 0.0305556
