0 0.703906 0.633796 0.138021 0.675
3 0.352604 0.765278 0.0625 0.137963
3 0.0614583 0.793519 0.122917 0.412963
6 0.802865 0.793519 0.0369792 0.0388889
6 0.835156 0.796296 0.0348958 0.0314815
6 0.863802 0.791667 0.0317708 0.0388889
6 0.901823 0.794907 0.0411458 0.0416667
6 0.94974 0.794907 0.0557292 0.0435185
6 0.673437 0.788889 0.0177083 0.0333333
8 0.383073 0.143519 0.109896 0.0574074
8 0.4375 0.251852 0.0833333 0.0314815
8 0.667188 0.125926 0.1 0.0444444
8 0.658854 0.240741 0.0739583 0.0314815
