0 0.328125 0.783796 0.1875 0.432407
0 0.0984375 0.789815 0.196875 0.42037
0 0.764844 0.913426 0.0901042 0.173148
0 0.891667 0.809722 0.0541667 0.284259
0 0.935938 0.841204 0.0708333 0.317593
0 0.686198 0.797685 0.0328125 0.10463
0 0.711198 0.796759 0.0338542 0.113889
8 0.180729 0.181019 0.203125 0.189815
8 0.372917 0.505093 0.0885417 0.0842593
8 0.461198 0.580556 0.0421875 0.0314815
8 0.591406 0.5125 0.0901042 0.0768519
8 0.608594 0.573148 0.0578125 0.0333333
8 0.736979 0.578704 0.0572917 0.0222222
8 0.795052 0.531018 0.0869792 0.0712963
8 0.839583 0.239352 0.173958 0.152778
8 0.135156 0.5625 0.0661458 0.0564815
0 0.751302 0.804167 0.0411458 0.0824074
