3 0.251042 0.619444 0.146875 0.231481
0 0.68151 0.527778 0.342187 0.785185
8 0.234635 0.0712963 0.110937 0.0407407
8 0.314583 0.162963 0.0875 0.0351852
8 0.492448 0.0569444 0.100521 0.0398148
8 0.523958 0.152315 0.078125 0.0324074
8 0.892708 0.128241 0.0822917 0.0268519
8 0.955729 0.0240741 0.0885417 0.0351852
6 0.557031 0.668981 0.0442708 0.037963
6 0.596875 0.669444 0.0291667 0.0351852
6 0.72526 0.666667 0.0203125 0.0296296
6 0.759375 0.674074 0.0479167 0.037037
6 0.801823 0.674074 0.0401042 0.0296296
