3 0.179427 0.624074 0.146354 0.224074
0 0.678646 0.531018 0.277083 0.923148
7 0.798177 0.461111 0.0171875 0.0277778
8 0.23724 0.0722222 0.115104 0.0388889
8 0.318229 0.163889 0.0854167 0.0314815
8 0.496875 0.0564815 0.0927083 0.0462963
8 0.522135 0.151852 0.0734375 0.0333333
8 0.898177 0.130093 0.0796875 0.0268519
8 0.953125 0.0287037 0.09375 0.0555556
6 0.558594 0.669907 0.0432292 0.037963
6 0.723958 0.672222 0.0229167 0.0351852
6 0.758333 0.672685 0.04375 0.0342593
6 0.801042 0.669907 0.0416667 0.0324074
