2 0.516146 0.88287 0.0635417 0.100926
2 0.53776 0.737963 0.0463542 0.118519
2 0.5375 0.669907 0.0208333 0.087963
2 0.491667 0.684722 0.0354167 0.0898148
2 0.461198 0.772685 0.0348958 0.0638889
2 0.255208 0.810185 0.0447917 0.17037
2 0.19974 0.785185 0.0484375 0.159259
2 0.185156 0.664815 0.0369792 0.0851852
2 0.214583 0.676852 0.0375 0.0685185
2 0.301562 0.657407 0.046875 0.135185
2 0.328385 0.623611 0.0307292 0.0583333
2 0.328125 0.695833 0.0302083 0.0787037
2 0.363542 0.76713 0.0239583 0.128704
2 0.358854 0.660185 0.0260417 0.0833333
2 0.410417 0.716204 0.0208333 0.0527778
2 0.440104 0.710648 0.034375 0.0916667
2 0.471094 0.721759 0.0328125 0.037963
2 0.430729 0.653241 0.0510417 0.0675926
2 0.422656 0.631019 0.0192708 0.0287037
2 0.441927 0.672222 0.0380208 0.0407407
3 0.445573 0.449074 0.0348958 0.0592593
3 0.480469 0.45787 0.0255208 0.062037
3 0.55 0.467593 0.0270833 0.0592593
3 0.595573 0.481944 0.0557292 0.0564815
3 0.676302 0.498611 0.0692708 0.075
3 0.749219 0.515741 0.0411458 0.0814815
3 0.839063 0.541667 0.0427083 0.0777778
3 0.892708 0.552315 0.071875 0.0824074
